== REPORT ========
nmw=1, chn=1 exec_times=[14.398382832998323, 8.880409819001216, 10.862914686997101, 13.920294093997654, 9.125592250999034, 15.871077124000294, 11.527739916000428, 9.755897389997699, 11.929795756997919, 15.340520628000377, 12.53603486800057] (avg=12.195332669726419)
nmw=1, chn=2 exec_times=[6.38170253899807, 5.821970712997427, 14.154659945001185, 15.269077450000623, 12.764250254000217, 8.522402351001801, 8.822174577002443, 5.842330175000825, 5.762918783999339, 7.281477933000133, 8.453387666999333] (avg=9.006941126181944)
nmw=1, chn=4 exec_times=[17.241340602999117, 14.639783210001042, 4.694428594000783, 5.591162577999057, 6.028719794998324, 6.50913804800075, 5.672546950998367, 12.35105631800252, 14.534339896999882, 5.753649714999483, 4.619472031998157] (avg=8.875967067363407)
nmw=1, chn=8 exec_times=[9.01637478700286, 10.010278310001013, 10.617854333999276, 10.05217005400118, 6.853505093000422, 8.036238179000065, 10.339965158000268, 9.86003738799991, 7.908066617001168, 6.0232958490014425, 7.737464407000516] (avg=8.76865910690983)
nmw=1, chn=16 exec_times=[9.203846478001651, 9.323656204000144, 8.188478550000582, 7.106623977000709, 8.07015841500106, 10.0552239489989, 7.486774814002274, 7.000085447001766, 6.7651510140021855, 5.4100420600007055, 7.977195232000668] (avg=7.8715669218191495)
nmw=1, chn=32 exec_times=[3.275001126999996, 2.523061519001203, 2.7203536150009313, 3.627770925002551, 4.217207886998949, 2.1301089789994876, 3.1856287340015115, 3.2080533230000583, 2.2991415610013064, 2.1457356969985995, 3.3659278279992577] (avg=2.972544654091259)
nmw=1, chn=93 exec_times=[4.9015664939979615, 2.45540779500152, 2.922102995999012, 2.823433853998722, 2.9918973310013826, 3.7782641220001096, 2.5461058159999084, 3.8959541440017347, 2.522414465998736, 2.407116614998813, 2.33530814599726] (avg=3.0526883435450145)
nmw=2, chn=1 exec_times=[31.931142573001125, 30.417127485998208, 24.435814855998615, 31.754713588001323, 27.545258451002155, 30.466314960998716, 28.085765889001777, 31.134523466000246, 30.132269761001226, 31.30634092499895, 28.67441292100193] (avg=29.625789534273114)
nmw=2, chn=2 exec_times=[9.138276682999276, 10.762722086001304, 9.157742103998316, 9.525027894000232, 8.552342312999826, 10.533673157999146, 10.692467829001544, 10.508293120998133, 8.419897134001076, 10.562116357999912, 9.671130466998875] (avg=9.77488083154524)
nmw=2, chn=4 exec_times=[5.047397663998709, 5.415007204999711, 4.852845752000576, 4.776298108001356, 4.235390269997879, 4.780613208000432, 4.7923733860006905, 5.311072312000761, 5.114997676999337, 5.712345405998349, 4.059780707997561] (avg=4.9180110632723055)
nmw=2, chn=8 exec_times=[3.0499530029992457, 3.045152999999118, 3.3783736059995135, 3.200168092997046, 3.242650430998765, 3.184642422998877, 3.660974140999315, 3.61580439500176, 2.941263135999179, 3.049697993999871, 3.711329408997699] (avg=3.2800008755445806)
nmw=2, chn=16 exec_times=[1.658092695997766, 1.7099122629988415, 1.973891925998032, 1.632001466001384, 2.6320882750005694, 1.7469727600000624, 1.7449508790014079, 2.3483160230025533, 1.6604111659980845, 2.2891111669996462, 1.7975604059975012] (avg=1.9266644569996225)
nmw=2, chn=32 exec_times=[1.6204567200002202, 1.6458142399969802, 1.6653038680015015, 1.673709576996771, 1.6161611940005969, 1.6540742430006503, 1.7795098520000465, 1.6441832609998528, 1.6594812339972123, 1.646709427001042, 1.641535737002414] (avg=1.658812668454299)
nmw=2, chn=93 exec_times=[3.418843895000464, 2.1794556919994648, 2.137183491002361, 2.1256946100002097, 2.1553420440031914, 2.148149522003223, 2.677535621998686, 2.225795284000924, 2.2115451889985707, 2.130911757998547, 2.380091723996884] (avg=2.3445953482729567)
nmw=4, chn=1 exec_times=[3.3441101699972933, 3.5802650400000857, 3.642864407996967, 3.605770106998534, 3.647387576998881, 3.64530123700024, 3.5283265389989538, 3.6314368860003015, 3.615273334999074, 3.5971549109999614, 3.6148267009994015] (avg=3.5866106282717904)
nmw=4, chn=2 exec_times=[2.3340309539999, 2.590510431000439, 2.603573125998082, 2.6158527129991853, 2.6097152399997867, 2.6251502849991084, 2.607354891999421, 2.6076410179994127, 2.5900902969988238, 2.591373431001557, 2.5906764150022354] (avg=2.578724436545268)
nmw=4, chn=4 exec_times=[1.8019936429991503, 2.0470776939982898, 2.042757764000271, 2.0565799459982372, 2.0335849319999397, 2.085064433998923, 2.057011267999769, 2.0683050349980476, 2.058259949000785, 2.052012742002262, 2.058067607002158] (avg=2.032792273999803)
nmw=4, chn=8 exec_times=[1.573116941999615, 1.8061127410001063, 1.8204618679992564, 1.8283332200007862, 1.8283636920023127, 1.8129508130004979, 1.81140831599987, 1.8137129860006098, 1.8100375630019698, 1.8238427010001033, 1.8317836630012607] (avg=1.7963749550005808)
nmw=4, chn=16 exec_times=[1.5576734520000173, 1.7961161120001634, 1.8147042099990358, 1.816120213999966, 1.8296415920012805, 1.798919697997917, 1.8153364159988996, 1.827033534002112, 1.8253332300009788, 1.8007692690007389, 1.817214602000604] (avg=1.790805666272883)
nmw=4, chn=32 exec_times=[1.6326287210031296, 1.7615294950010139, 1.768686131999857, 1.7653289370027778, 1.7710784420014534, 1.7612934620010492, 1.7733206960001553, 1.7693512340010784, 1.7676563120003266, 1.7751567880004586, 1.7749498239973036] (avg=1.7564527311826004)
nmw=4, chn=93 exec_times=[2.215616712001065, 2.1925434900003893, 2.190743729002861, 2.2357245790008164, 2.1104989840023336, 2.177038215999346, 2.1168672439998772, 2.1990950940016774, 2.1901575040028547, 2.201103683997644, 2.1901285929998267] (avg=2.183592529909881)
nmw=8, chn=1 exec_times=[3.308781939002074, 3.5692617390013766, 3.5752085630010697, 3.5721470969983784, 3.609284033998847, 3.578317868999875, 3.6268984590024047, 3.5756119260004198, 3.5980189660003816, 3.61071158300183, 3.629819337002118] (avg=3.5685510465462524)
nmw=8, chn=2 exec_times=[2.3464717989991186, 2.6385227870014205, 2.6168872630005353, 2.63428729899897, 2.63788588999887, 2.618435677999514, 2.6313797000002523, 2.6032735709995904, 2.6327305029990384, 2.657169920999877, 2.6505973339990305] (avg=2.6061492495451106)
nmw=8, chn=4 exec_times=[1.8912470899995242, 2.1207630630015046, 2.1092839560005814, 2.1058801250001125, 2.118673982000473, 2.133016852003493, 2.1131221480027307, 2.0901950919978844, 2.0981234700011555, 2.1263410549981927, 2.1250007579983503] (avg=2.0937861446367276)
nmw=8, chn=8 exec_times=[1.6513335089985048, 1.8437785419991997, 1.8253284500024165, 1.855229890999908, 1.828690017999179, 1.8442776209994918, 1.8538849620017572, 1.8392393030007952, 1.8366438220000418, 1.8271286389972374, 1.857194469001115] (avg=1.823884475090877)
nmw=8, chn=16 exec_times=[1.539333697000984, 1.7054728840012103, 1.6925727409980027, 1.712236761002714, 1.7405359129988938, 1.7039248809996934, 1.7296386349989916, 1.6928031880015624, 1.6799636910000117, 1.7145183180000458, 1.7176045889973466] (avg=1.6935095725454052)
nmw=8, chn=32 exec_times=[1.647569223001483, 1.7812328239997441, 1.78197268599979, 1.771320839998225, 1.7702827060020354, 1.7766607199991995, 1.7870986509988143, 1.7735097049990145, 1.78412980199937, 1.781859025999438, 1.7846535169992421] (avg=1.7672990636360324)
nmw=8, chn=93 exec_times=[2.1880309250009304, 2.1244970299994748, 2.309038570001576, 2.240325903003395, 2.2122412729986536, 2.603960784999799, 2.4313960559993575, 2.383783000001131, 2.155547041002137, 2.212521220000781, 2.1373761920003744] (avg=2.2726107268188738)
nmw=16, chn=1 exec_times=[3.5257975829990755, 3.7486181540007237, 3.715193559000909, 3.772345156998199, 3.740634065001359, 3.58939473600185, 3.642391678000422, 3.634763750997081, 3.8144175310007995, 3.7642523539980175, 3.8031691100004537] (avg=3.7046343343635355)
nmw=16, chn=2 exec_times=[2.3179200910017244, 2.581683055999747, 2.594306556999072, 2.594331055999646, 2.6074341170024127, 2.6225563469997724, 2.601112901000306, 2.6180775160028134, 2.5983207399985986, 2.598735161998775, 2.637498260999564] (avg=2.579270527636585)
nmw=16, chn=4 exec_times=[1.8674634620001598, 2.1044415770011256, 2.1070590290000837, 2.0987314830017567, 2.120813485002145, 2.120294473003014, 2.1168946370016783, 2.107695564001915, 2.1139870999977575, 2.114145360999828, 2.1179599790011707] (avg=2.089953286364603)
nmw=16, chn=8 exec_times=[1.6806194329983555, 1.8326574230013648, 1.8195033140000305, 1.8375408399988373, 1.822660232999624, 1.8519717989984201, 1.8208105689991498, 1.8446425069996621, 1.8282353219983634, 1.8363752309996926, 1.8596909909974784] (avg=1.821337060180998)
nmw=16, chn=16 exec_times=[1.693501654001011, 1.6628075039989199, 1.6878855140021187, 1.6685166009992827, 1.6786466410012508, 1.659853570999985, 1.6589458439993905, 1.6823747779999394, 1.672271206000005, 1.6841812179991393, 1.6789735750026011] (avg=1.675268918727604)
nmw=16, chn=32 exec_times=[1.790098104000208, 1.7791413869999815, 1.7909976949995325, 1.8006435699971917, 1.7982425030022569, 1.799775657000282, 1.783151005001855, 1.8004437380004674, 1.7917058730017743, 1.7820825630005857, 1.8010095870013174] (avg=1.7924810620004956)
nmw=16, chn=93 exec_times=[2.152721931000997, 2.150810515999183, 2.2837322100021993, 2.1457263370029978, 2.1413226500008022, 2.487729059997946, 2.146826530999533, 2.1590024229990377, 2.208726527002, 2.175184220999654, 2.154072196000925] (avg=2.200532236545934)
nmw=32, chn=1 exec_times=[3.7491453690017806, 3.7335101749995374, 3.71858623099979, 3.756513166001241, 3.783322166000289, 3.5980428820003, 3.75442514000315, 3.784995203001017, 3.7198828290020174, 3.8029160349979065, 3.8004223800016916] (avg=3.7456146887280655)
nmw=32, chn=2 exec_times=[2.641222239999479, 2.5909219729983306, 2.619421573999716, 2.6140470009995624, 2.592748966002546, 2.6402657500002533, 2.6197097539989045, 2.62460948199805, 2.626822293001169, 2.578658631999133, 2.630431501002022] (avg=2.616259924181742)
nmw=32, chn=4 exec_times=[2.1073004249992664, 2.1371349769979133, 2.1297530669980915, 2.133243725002103, 2.1337022410007194, 2.1293678479996743, 2.1135070329983137, 2.131138696000562, 2.1375729829997, 2.131001285997627, 2.1500486959994305] (avg=2.1303428160903093)
nmw=32, chn=8 exec_times=[1.876727007998852, 1.8652082790031272, 1.8713897249981528, 1.8625025920009648, 1.8552521799974784, 1.8706047249979747, 1.8685021979981684, 1.8592720209999243, 1.8576182670003618, 1.9028201609980897, 1.857716699996672] (avg=1.8679648959990696)
nmw=32, chn=16 exec_times=[1.7094873419991927, 1.715476220997516, 1.6932125969979097, 1.7174636119998468, 1.7035739989987633, 1.7219359270020504, 1.7011169389988936, 1.696827072002634, 1.7107537309966574, 1.715449888000876, 1.6933035779984493] (avg=1.7071455369084354)
nmw=32, chn=32 exec_times=[1.8087508540011186, 1.8083203370006231, 1.8031558289985696, 1.8113823290004802, 1.8234229939989746, 1.7975402750016656, 1.8204803539993009, 1.8269143809993693, 1.8185150509998493, 1.8140611160015396, 1.826404735998949] (avg=1.8144498414545855)
nmw=32, chn=93 exec_times=[2.160626138000225, 2.154173732000345, 2.164921299001435, 2.168926742997428, 2.1706134990017745, 2.1670565650019853, 2.1778652939974563, 2.168699329999072, 2.1700110210003913, 2.1664974550003535, 2.240794129000278] (avg=2.173653200454613)
nmw=93, chn=1 exec_times=[3.9139208140004484, 3.8894300520005345, 3.8514654630016594, 3.9456100329989567, 3.8769224989991926, 3.9170809209972504, 3.921263246000308, 3.938598930999433, 3.875566784001421, 3.941761882000719, 3.8701860350010975] (avg=3.9038006054546384)
nmw=93, chn=2 exec_times=[2.6698010049985896, 2.7008593440004915, 2.6951273410013528, 2.6839044660009677, 2.7045764600006805, 2.6887296170025365, 2.735008971998468, 2.703548072997364, 2.722635539001203, 2.705532664000202, 2.7328163649981434] (avg=2.7038672587272727)
nmw=93, chn=4 exec_times=[2.247372000998439, 2.244838061000337, 2.235745826001221, 2.2326198919981834, 2.2423212790017715, 2.265276541998901, 2.2356482409995806, 2.2720645099980175, 2.2260836440000276, 2.235852896999859, 2.2353508220003278] (avg=2.243015792272424)
nmw=93, chn=8 exec_times=[2.0107234909992258, 2.005430430999695, 1.9951556679989153, 1.9909599809980136, 1.9873553649995301, 2.016567317001318, 2.0087398780015064, 2.0552480459991784, 1.9972052509983769, 2.0332548430014867, 2.0184634849974827] (avg=2.010827614181339)
nmw=93, chn=16 exec_times=[1.8386885820000316, 1.8326991319991066, 1.8494037560012657, 1.8411421029995836, 1.8324020769978233, 1.8606515460014634, 1.8627057479970972, 1.8372414599980402, 1.860396980002406, 1.8675509890017565, 1.834886765002011] (avg=1.8470699216364168)
nmw=93, chn=32 exec_times=[1.9240967349978746, 1.926064294999378, 1.927502418999211, 1.9438344550035254, 1.9296412370022153, 1.9310211299998628, 1.9389970070005802, 1.9393425659982313, 1.9358598399994662, 1.9476995969998825, 1.9355580160008685] (avg=1.934510663363736)
nmw=93, chn=93 exec_times=[2.268303206998098, 2.310488320999866, 2.2733948749992123, 2.6405608570021286, 2.264521879998938, 2.2933522860002995, 2.4736145909992047, 2.2834259509982076, 2.2739125679981953, 2.290063325999654, 2.2828602609988593] (avg=2.332227102090242)

